82
-2.98	312.48
21.1	270.72
-0.1	113.93
16.8	271.9
8.75	277.75
9.1     280.17
44.86	291.9
42.96	294.4
43.43	287.55
41.53	287.55
45.91	238.02
45.91	240.52
47.81	235.52
47.81	238.02
47.81	240.52
34.07	277.55
39.7	285.72
40.1	289.25
42.5	290.33
40.6	285.33
46.87	271.12
45.55	275.15
44.38	274.17
41.77	271.35
43.73	288.75
47.63	276.62
45.73	276.62
45.73	279.12
47.63	274.12
56.48	8.4
52.5	13.4
50.6	10.9
50.6	13.4
52.5	10.9
54.4	10.9
56.55	13.22
58.67	15.43
54.85	12.75
56.25	15.6
54.33	10.56
60.47	16.95
58.57	16.95
58.57	19.45
49.2	286.35
47.3	283.85
45.38	288.77
47.28	291.27
67.7	26.22
66.85	27.13
66.53	20.17
65.77	19.5
64.45	15.57
64.35	19.77
62.22	21.95
61.35	13.37
59.48	13.3
59.02	18.52
55.23	17.25
57.1	12.98
56.55	10.72
58.28	12.08
41.92	282.62
45.82	285.77
58.9	8.57
58.9	11.07
63.05	15.08
59.25	10.08
-4.88	309.98
5.07	8.85
21.1	268.22
-2      113.93
14.9	271.9
11      280.17
37.8	288.22
42      284.25
58.67	10.43
54.85	15.25
52.45	8.1
52.43	10.56
60.47	19.45
57      11.07
59.25	15.08